Occorrenze totali: 659

7
9
42
45
66
92
110
127
133
140
148
174
187
194
215
220
248
253
254
312
334
335
345
381
389
394
404
407
415
443
444
464
465
472
558
560
565
568
578
590
605
621
630
657
712
714
730
760
769
793
828
877
880
896
906
907
922
924
963
978
990
991
1024
1037
1055
1083
1086
1091
1106
1118
1121
1126
1131
1144
1176
1181
1189
1211
1229
1239
1252
1254
1263
1266
1290
1301
1311
1326
1346
1383
1397
1425
1428
1436
1437
1445
1458
1471
1494
1551
1566
1579
1592
1595
1633
1639
1677
1678
1692
1708
1735
1745
1748
1751
1767
1769
1772
1784
1785
1796
1803
1811
1817
1820
1822
1834
1884
1908
1911
1921
1931
1941
1955
1960
1988
1991
2026
2028
2040
2047
2050
2064
2077
2083
2092
2103
2238
2261
2267
2280
2281
2287
2298
2306
2338
2350
2357
2358
2370
2378
2380
2391
2433
2457
2474
2480
2483
2499
2508
2526
2527
2541
2542
2559
2570
2578
2591
2601
2608
2610
2616
2640
2648
2663
2707
2773
2791
2794
2801
2813
2823
2835
2848
2857
2858
2887
2895
2925
2939
2978
3001
3003
3006
3023
3058
3073
3087
3089
3097
3098
3160
3233
3255
3273
3275
3289
3296
3307
3354
3357
3369
3394
3412
3443
3463
3474
3483
3489
3510
3537
3539
3544
3557
3571
3585
3594
3604
3606
3609
3615
3624
3627
3646
3648
3651
3671
3677
3682
3731
3768
3775
3791
3821
3823
3853
3858
3871
3876
3887
3892
3895
3913
3915
3926
3945
3956
3981
3984
3987
3997
4003
4004
4009
4060
4065
4083
4084
4085
4096
4097
4173
4182
4183
4189
4190
4198
4207
4227
4285
4305
4366
4405
4408
4411
4422
4424
4429
4506
4531
4547
4558
4560
4579
4610
4629
4640
4674
4746
4787
4825
4846
4853
4854
4873
4908
4910
4917
4927
4928
4946
4955
4961
4962
5031
5039
5045
5057
5073
5086
5097
5121
5124
5143
5180
5191
5232
5234
5241
5253
5272
5302
5316
5318
5335
5357
5368
5375
5405
5419
5433
5473
5502
5508
5520
5523
5526
5541
5558
5564
5601
5622
5647
5657
5663
5693
5702
5730
5747
5752
5760
5775
5807
5829
5838
5856
5861
5864
5924
5932
5944
5950
5966
5971
5974
5988
5989
6007
6010
6041
6126
6132
6135
6142
6147
6167
6170
6194
6210
6218
6226
6232
6288
6343
6345
6348
6365
6385
6387
6392
6399
6424
6425
6444
6453
6459
6466
6476
6482
6492
6512
6548
6551
6554
6557
6574
6579
6591
6598
6631
6632
6660
6662
6672
6683
6698
6713
6724
6740
6741
6753
6767
6777
6796
6802
6845
6860
6887
6888
6890
6962
6990
7024
7027
7030
7032
7033
7048
7053
7061
7066
7067
7089
7097
7104
7120
7126
7142
7147
7150
7169
7176
7179
7195
7228
7230
7250
7251
7274
7292
7295
7330
7333
7380
7394
7402
7416
7425
7436
7439
7456
7465
7480
7516
7523
7545
7551
7552
7560
7569
7592
7612
7623
7629
7631
7634
7646
7655
7668
7673
7684
7692
7724
7725
7749
7756
7765
7768
7798
7811
7818
7851
7861
7890
7897
7910
7918
7928
7934
7999
8026
8028
8031
8038
8047
8058
8071
8072
8073
8082
8102
8132
8149
8156
8157
8169
8170
8176
8195
8197
8216
8237
8254
8269
8291
8296
8314
8341
8357
8364
8373
8374
8381
8390
8420
8432
8471
8478
8497
8498
8503
8520
8523
8565
8575
8589
8600
8626
8633
8649
8657
8664
8665
8667
8682
8692
8699
8714
8730
8765
8766
8788
8804
8839
8859
8861
8885
8886
8910
8926
8959
8965
8971
8981
8988
9003
9008
9075
9089
9091
9111
9133
9162
9175
9199
9205
9208
9219
9244
9256
9298
9334
9368
9370
9398
9432
9433
9454
9479
9484
9512
9527
9541
9586
9630
9662
9676
9683
9689
9698
9732
9748
9768
9769
9777
9786
9802
9817
9819
9865
9872
9895
9909
9912
9928
9942
9950
9951
9979
9988
